flow
1
0
1
0
2
2
0
2.25
0
0
4
0
2
2.25
1
2
2.8
1
1
3
1
1
0
1
0
2.25
1
0
3
3
1
3.8
0
3.25
2
0
1
0
3.05
3.8
2
1
1
1
1
2
1
1
0
0
2
0
2
1
0
0
2
0
2
0
1
2
0
1
1
0
0
1
0
0
0
0
0
2
2
1
1
1.8
0
0
0
1
2
1
1
1
1
0
4.25
1
4
0
1
1.8
1
0
0
0
2
2
3
0
0
0
0
0
1.25
3
1
2
2
2
2
1
0
0
1
1
0
1
1
2
2
1
2
1
1
2
2
1
0
2
1
1
0
2
1
0
1
0
0
0
1
0
-1
2
2
2
2
2
2
2
2
2
0
1
0
0
4
0
2
3
2
0
1
0
2
4
3
0
4
2
1
3
1
2
1
2
0
0
0
1
1
2
5
0
2
1
1
0
-1
1
1
3
1
1
0
4.25
0
1
1
2
1
0
1.8
1
1
1
2
2
1
3
1
1
1
1
0
2
0
1
3.25
2
2
3
1
0
2
1
1
1
1
0
2
1
2
1
1
2
0
0
2
1
1
1
1
2
0
1
1
1
1
1
1
1
2
0
2
0
1
1
2
0
0
1
0
1
2
0
1
1
0
0
1
1
1
1
2
1
1
1
1
2
0
0
0
1
2
1
1
1
1
1
1
1
1
0
1
1
0
0
0
0
0
1
1
1
1
1
1
0
1
1
1
1
0
1.25
0
0
1
0
0
2
2
0
1
0
0
0
0
0
0
0
2
0
0
1
0
0
0
0
0
0
1
1
0
0
0
1.8
0
0
0
0
0
0
0
1
0
0
0
1
0
1
0
0
0
0
0
1
0
0
0
0
0
0
0
0
0
0
0
1
0
1
0
1
2
0
0
1
0
2
0
0
0
0
0
0
0
1
0
1
0
0
0
0
0
0
0
0
0
0
0
0
0
0
0
0
1
0
0
0
0
0
1
0
0
0
0
0
0
0
0
0
0
2
0
0
1
1
0
0
0
0
1
0
1
0
0
0
0
0
2
1
0
0
1
1
2
1
0
0
1
0
0
0
0
0
0
0
0
1
0
1
0
0
0
0
0
0
0
0
0
0
0
0
1
0
0
0
0
0
0
0
0
0
0
0
0
0
0
0
0
0
0
0
0
0
0
1
0
0
0
0
0
0
0
0
2
0
0
0
1
0
0
0
1
0
0
1
0
0
0
0
0
0
0
0
0
0
0
0
0
0
0
1
0
0
0
0
0
1
0
0
0
0
0
0
0
0
0
0
0
1
0
1
0
0
1
1
0
0
1.25
0
0
1
0
0
0
0
1
0
1
0
0
2
1
0
0
0
0
0
0
1
1
0
1
0
0
2
1
0
0
1
1
1
0
1
0
2
1
1
2
2
0
1
1
0
0
1
1
2
2.25
0
0
2
1
-1
0
0
1
2
1
2
3.8
2
0
2.8
1
2
4
3
4
1
0
1
1
1
1
3
0
1
1
2
2
2
3
1
0
3.25
1
1
2
0
1
1
1
3
3
3
0
3.8
3.5
1
2.25
2
3
6.25
1.25
0
1
1
2
0
0
2.8
1.25
-1
1
1
0
2.8
0
1
1
1
2
2
0
2.25
0
4
1
1
0
1
1
1.8
3
1
2
0
0
1.25
1
3.25
