flow
3
1
4
1
6.5
5
0
3
5
9.05
5
3
1
2
1
4
3
1
1
1
2.8
1
4
4
2
5
0
1
1
7
2
3
1
4
2
5
1
5
5.8
8.8
3.25
2
1
1
6
1
8
2
4.25
3
1
3
2
6.8
0
3
6
2.25
5
2
3.25
4
2
4
7.8
5
1
0
3
3
3
6
5.25
3
3.5
3
3
6.25
3.25
3.5
4.8
1
4
3
8
4
0
3
4.25
2.25
4
7
3
7
10
3
6
8.25
6
2
6
4.25
1
7.8
1
2
4
4
9.8
8.25
3
5
4
5.25
5
5.5
0
5.8
5
3
2
1
4
3
2
1
4
4
5.8
2
5
9
7
2
8
4
2.25
2
1
0
4
3
1
4.25
2
0
1.25
6
4
10.8
4
6
0
4
4
2
1
2
1
3.8
2
2
1
0
4.8
3
0
4
0
3
6
0
2.25
1
4
4.8
5
3.8
0
5
3
3
3
1.8
4
4
3
2
0
1
0
0
3.8
1
2
0
0
2
2
2
2
3
1
1
3
1
0
2
1
0
2
1
2
2
1
2
0
1
3
6
2
0
2
1
5.05
1
1
2
3.25
4
1
1
8
0
0
0
3.8
0
3
1
0
2
3
2
2
2
1
1
1
0
1
2
1
4
1
3
3
4.8
1
1
2
4.8
2
0
2
0
0
0
1
2
2
1
2
0
0
1
0
1
0
1
0
1
0
0
0
0
2
1
4
1
0
0
0
0
1
1
0
3
1
0
0
0
1
0
2
1
1
2
0
0
0
2
3
2
2
0
2.8
1
1.25
2
4
6
1.8
6
7.8
2.25
2
2
0
1
4
4
1
0
3
4
3
10
6.3
3
4
11
7.8
5
1
8
10
4
8
7
4
1
3
7
4
7
8
4
3
3
2
7.25
1
6
1
6
4
3
5.25
8
5
3
5
1
1
6.25
3.25
2
1
3
9
4.8
6
10.25
6
2
6
2
2
5
2
5
5.25
5
3
4
5
6
5
1
0
1
4
5
2
5
7
1
5.05
4
2
3
7
4
4.25
5
