flow
3
3
3
3
5
1
4
2
1
3
3.8
2
2
5.8
1
2
1
5
5.6
2
0
3.8
5.6
3
2
3
2.8
1
1.8
5.6
3
4.25
2.8
5
4
2
3
5
3
2
8.05
6.8
5.05
2
5.8
2
5.25
3.25
2
4
4.25
2.8
2
4.25
4.25
1
1
2
5
5.5
2
2.8
5.5
5.25
3
0
4.8
2.8
3
3.25
2
3.8
4
3
6.8
5.8
4
6.25
2
3
-1
7.8
6
2
7.8
3
7
8.85
7.05
6.25
5
5
7
8
6
4.8
10.8
8.8
9
9.8
6
8.8
8.8
6.5
4
7.25
8.05
4.25
7
3
7
3
9
14.8
9
6
2.8
7
9.25
1
5
7
2.8
5
6
6.8
6
3
5.8
3
3
7.6
4.6
3
0
4.8
7.3999999999999995
0
1
2
2
5.8
1
1
2
1
2
1
0
2
4.8
1
1
2
0
2
2
0
1
0
2
1
1
1
1
3
3
3
0
2
2.8
5
2
3.8
2
1.25
0
1.8
4.8
3.8
2
1
2
3
4
1.8
2
2
1
0
0
2
4
1
1
2
3
0
2
1
6.8
2
2
0
2
1.25
2
0
2
0
1
0
3.8
1
3
1
0
2
0
3
0
0
1
0
1
2.8
1
1
0
0
1
0
0
1.8
0
2
0
0
0
4.6
4.05
1
1
1
1.8
0
1.8
3.8
1
1.8
2
1
2
2
3
4.8
7.25
8.25
9
5
8
7
7
4.25
12.8
10.5
14
9
9
6
7.8
6.8
6.8
8
3
5
8.8
8.8
7.25
4.8
9
10.6
7.8
14
9.25
8
5.05
5
6
5
2
5
5
4.5
9.05
8.8
5
9.05
4.8
2.8
3.8
3
2.8
3.8
3
6.8
6
3
2
4
5.8
5.05
2.25
3.25
6.85
2
4
2.8
2
2
4.25
4
15
3.8
3
4.8
2
2
2.25
3
4.8
6
5.05
2
4.8
2
4
5.8
3.8
1
2
