flow
2
1.25
2
4
3
3.25
2
5.6
2.8
2
4
5
1
4.25
4.8
3
1.25
5.4
1
1
2
2.25
1
3
3.8
5.25
1
2.8
0
1
5.8
2.25
3
2
2.8
3.05
4
4.8
5.6
5
2.8
3
2
3
2.8
6.8
5
4
1.8
2
2
2
3
1
1
2.25
2
1
3
0
3.8
1
1
5.3
2
4
3
1.8
3
1
1
1.8
0
1
1
1
4
1
2
1
2.8
2
1
2
1
1
6.8
2
3
4.8
1
4
2.8
2.25
1
0
2.25
0
2.8
3.25
5.6
2
0
3
0
1.25
2
4.25
2
3
4.05
1
3
3
2.8
3
1.8
0
1
1
6
2.8
1
0
2.25
2
3
1
4.25
2
4
1
3
5
3
2
4.05
3.25
5.8
1
1
4
1.25
1
0
3
0
4
5
1
7
2
1
0
3.8
4.8
5.5
5
8
5
4
6
7
1
6
6.6
3
5
3
5
2
4
3
4
4
0
4.8
0
1
6.8
6.05
1
3
2
5
3
2.8
2.8
3
1
0
1
5
2
3
0
0
4
4.25
5
3
4.8
2
5.6
0
0
1
1
5
3
1
2
0
2
4
3
3
3
1
1.8
3
3.25
4
3
4
1
1
1
1
2
2
2
2
2
2
2.8
1
1
1
0
1
2
4.8
3
1.8
1
0
2
4
2
2.8
2
2
1
1
1
2
0
0
2
3
0
1
6.05
0
1.8
1
5
0
3.8
4
2
0
1
0
1
1
2
2
0
2.8
2
3
0
3
2
2
1
0
3
0
4.8
1
0
1.8
0
2.8
0
2
0
0
0
0
1
0
2
0
0
2
1
0
1.8
0
0
0
1
0
1
3
2
1.8
0
0
4.6
0
0
2.8
1
1
1
0
0
1
0
2
0
0
1
0
0
0
1
0
0
1.8
1
0
0
3.6
0
0
0
1
1
0
1
2
0
1
0
1
0
0
1
0
0
0
0
0
0
0
0
0
0
0
0
0
0
1
1.8
0
0
0
0
0
1.8
0
1
1
0
0
0
2
0
1.8
0
0
0
0
0
0
0
0
0
0
0
0
0
0
0
0
1
0
0
0
0
1.8
0
0
0
0
0
0
0
0
0
0
0
1.8
1
0
0
0
1
0
0
0
0
0
0
0
0
0
0
0
0
0
0
0
1
0
0
1
0
0
0
0
0
1
0
0
0
1
0
0
1
0
0
1
0
0
1
0
0
0
0
0
1
1.8
0
1
2
0
0
0
1
0
0
1
1
1
1
0
0
0
1.8
0
0
0
0
0
0
0
0
0
0
0
0
0
0
0
2.8
0
0
0
0
1
1
0
0
0
0
0
0
1
0
0
1
0
0
0
2.8
0
0
0
0
0
0
0
0
0
0
0
0
1
0
0
1
0
0
0
0
1.8
0
1
0
0
0
0
0
0
1.8
0
1.8
0
1
0
0
0
0
1
0
0
0
1.8
1.8
2.8
0
1.8
0
1.8
0
1
1.25
1.8
3.6
0
1
0
4.05
0
0
0
0
0
0
1.8
1
1
0
0
2
1
0
0
1
1.8
2
4.8
0
2
5.6
2
2
3
1
2
7.8
1
3
2
0
3
3
2
0
1
4.8
2
7
3
6.25
3.8
5.25
7
3
3
4.8
4.25
6
6
6.05
8
6
3
3
7.8
5.25
4
4.8
4.8
5
3
2
8
4.25
1
0
7.8
5
4
6
4
1
3
3.8
3
2
7.5
7.8
4
3
4.25
2
5.8
3
6
10.850000000000001
3
2.8
2
1
1
4
4.8
0
4.6
5.25
8
1
6.25
5.8
2.8
2
4
4
2
3.25
2
5.8
5.5
9.05
4.8
7.8
4
4
4
2
7.25
1
4.8
2.8
3
2
