flow
6.6
6.6
5.25
2.25
0
1.8
0
0
4.8
4.8
3.8
1.8
6.85
5
0
2
4.8
6.25
6.05
2
4.05
3.25
4.8
0
6
3
3
3
1
2.25
3.6
3.25
3
4.8
4
0
0
0
6
3.8
1
5.05
0
0
0
0
3.05
6.05
3
4.8
6
0
0
1.8
3
0
0
0
0
0
2
7.3999999999999995
6
6
2.8
3.25
5
6
7.25
4.5
3.8
1
2.8
5
0
0
0
0
0
0
0
3
5.8
3
3.6
4.6
3
4.05
5
4.25
1
0
0
0
5.25
2
7
3
0
0
0
6
5.05
4.8
4
3.5
0
0
5.6
6.85
5
4
4.8
4.8
3.8
2.8
1
3
4.8
2
3.8
4.05
2
2
5.05
0
0
3.6
3
4
7.6
6.3999999999999995
4
3
4.5
3
5
2.25
5
4.8
5.8
5.5
4.8
2.8
0
10.05
6
6.25
4
4
5.6
6.05
7
10.25
9.6
8.05
7
10.25
8
10.6
7.5
8
7
10
9
10
7.8
7
6.8
9.8
9
6
0
5.8
8
7
5
6.8
6
1
7.8
5
4
3.8
4.6
2
3.8
1
0
5.8
-1
4
5
0
4.6
3
3
2.8
1
2
2
5
1.8
4
1
4.8
5.25
2
2.25
1
0
2
4.8
3
4.8
4
1
1
2
0
2
4
3.25
4.6
1
1
1
2
1
0
5
1
2
1
0
2
1
2
3
0
2
0
0
0
1
1
2
1
0
1
0
0
1
2
1
0
0
1
1
0
0
0
0
1
0
0
0
1.8
2
0
0
1
0
0
0
0
1.8
1
0
0
1
1
0
0
0
2
1
1.8
0
0
0
0
0
0
0
0
0
0
1
0
1
0
0
0
0
0
0
0
0
3.8
1.8
0
1.8
0
3.8
1
0
3
1.8
2
1
3
1.8
4.25
3.8
0
7
3
6
0
0
9
8.25
8
6
8.25
7.6
8
10.6
7
6.8
6.6
10.850000000000001
7
6.5
8
7.85
0
0
7
6.25
6.25
7
5.05
2.8
0
6
6
9.05
8.25
6.25
8
7.3
7
10.4
7.3999999999999995
7.8
7.05
5
6
3
4.8
5.5
6.25
6.1
11.8
6.3
4
2.8
4.8
8.3
6
5.8
4.8
5.05
-1
4.8
5.25
3.8
5
7.6
3
2
3.6
3.25
3
5.8
5.8
6
6.05
6.8
4
5.6
6.8
5.8
4.8
3.8
7.25
5.8
5.8
0
0
0
0
