flow
8.8
10.25
8.8
9
7.6
5
2
6
4.8
9.6
7
5.25
4.3
5.8
5.25
3.8
4
3
4.8
4.8
1.8
8.8
4
3.8
8
4.8
3.8
6.05
4.8
3.8
10.399999999999999
5.05
5.05
3
4.8
5
9
7
5.8
6.8
9.25
8.8
6
3
4.8
8.8
8.25
7
6.05
6.05
5.8
8.8
9.25
4
9.05
7
6
7.8
9.8
7.8
4
9.25
7
4.8
9.05
5
7
8.8
8.8
5
6
5.8
6.8
10.8
9.6
8
9.850000000000001
7.8
9
7
7.8
7
8.05
9.8
9.8
6
7.8
19.200000000000003
8.8
8
6.25
8
4.25
7.8
7
2
6.8
7.6
7.8
20.650000000000006
13.45
7.05
7.8
8.8
6.8
6
9.25
10.399999999999999
4
6
9
6.05
6
5.8
6.8
8.05
6.8
10.4
8
6.8
5
8
9.1
5.5
6.25
5
5.25
6.8
6.25
6.8
9.05
9.05
8.85
7
6.5
2
4.8
9.8
7
10
7.8
5
7
6.8
-1
7.8
20.8
9.8
16.25
8.8
9.6
6
9.25
8.8
9.05
7.8
11
11.25
11.25
8.8
8
10.05
11.3
11.05
10.8
6
8.6
5
6
8.8
11.8
10
2
6
9
16.250000000000004
12
6.6
11.4
4
6.25
8
4.8
3
8
8.6
5
2
8.6
8.8
-1
6
7
6.5
4.8
3.8
3
6.05
7
2
3
5
1
6.6
10.25
3
4
3
4
4
1
2
4
4
2
3.8
2
3
5
1
3
2
7
4.6
5
4
5.8
4
3
4
6.8
5
4
1
1
1
6
4.8
3.8
2
3
4
2
4
6
5
2
4
2
3
4
0
4
3
0
4.8
4
4
2
5
0
2.25
0
5
3
2
4
1
2
1
2
3
3
1
0
1
4
2.8
3
2
0
1
2
0
1
1
1
3
2
0
1
2
2
2
2
1
1
2
2
0
0
1
2
1
0
1
2
2
1
1
1
1
0
2
2
0
1
1
1
0
0
1
0
0
0
2
0
1.25
0
1
0
1
1
1
0
1
0
0
0
0
2
3
2
3
1
1
2
0
0
1
0
0
1
0
1
0
0
2
2
1
1
1
1
0
0
0
1
0
0
0
0
0
0
0
0
0
0
1
0
0
0
1
0
0
1
1
0
0
0
1
1
0
0
0
1
0
0
0
0
1
1
0
0
0
0
0
2
0
0
0
0
0
0
0
1
1
0
0
0
1.25
1
0
0
1
0
1.8
1
0
2
1
0
1
0
0
0
0
0
1
0
0
0
0
0
0
0
0
0
1
0
1
0
0
1
0
0
0
0
0
0
0
0
0
0
0
1
0
0
0
0
0
0
0
0
1
0
0
0
0
0
0
0
0
0
0
0
0
0
0
0
1
0
0
0
0
0
0
0
0
0
0
0
0
1
0
0
0
0
0
2.25
0
0
0
0
0
0
0
0
0
0
0
1
2
0
1.8
1
0
0
0
0
0
0
0
0
1.8
0
0
0
0
1
0
0
1
0
1
0
0
0
1
0
1
0
0
2
0
1
0
0
0
0
0
0
0
0
1
0
0
1
1
0
0
1
0
1
0
0
0
0
0
0
1
0
0
0
0
0
0
0
0
1
0
0
0
0
1
0
0
1
4.6
1
0
1
0
0
1.8
2.8
4
2.25
0
1
2.8
7.2
1.25
0
3.8
3.8
3.25
2.25
8.25
1.8
3.8
5
3
7.05
5
5.8
-1
6
4
7.5
7.8
9.05
9
10.5
9
11
10.8
14.400000000000002
6
9.25
11
11
8
10.25
10.25
13
13
14.85
11.8
14.05
11.8
6
12.25
9.8
12
11
13
13.8
11.600000000000001
9
13
11.3
9.25
17.7
11.1
7
13.399999999999999
9.25
8
10.25
13.65
11.25
10.6
9.25
10.25
9.8
12.05
13.000000000000002
21.8
14.600000000000001
10.25
16.400000000000002
10.600000000000001
10
12.8
13.65
-1
7
8.6
10.649999999999999
7.25
6.8
8.05
9.25
5.05
8.85
7
9
9.6
10.05
10.65
10
7
7
8.05
10.6
6.8
10.4
7.8
9.25
7.8
6.8
7.75
7
7
