flow
8.6
11.4
6.6
4.25
6.6
7.5
16.400000000000002
13.600000000000001
7.85
3
8.05
7.6
8.85
10.399999999999999
2
5.5
5.25
7.85
6.5
4
6.8
8
4
6.25
9.6
8.85
5.85
10.100000000000001
6.4
6.25
9.5
5
4
11.2
7
3.6
7.6
5.8
7.6499999999999995
5.8
4
7.8
6.25
6.05
8.4
4
9.850000000000001
6.8
9.2
8.6
8.05
8
4.25
7
3.25
8.1
5.8
7.8
5
6.8
4.8
7.6
16.6
4.25
8.25
3
7.25
7.6
6
3.8
6
4
5.6
7.3
6
11.25
8.6
7.6
4
6.25
5.6
4
8.5
9.05
6.5
5.6
7.85
7.3999999999999995
7.8
5.8
3.25
5.25
5.8
4.6
7.1
16
8.4
4
8.05
9.6
10.45
9.2
7.05
6.8
8.8
3.8
2.5
4.25
5.8
9.65
7.6
5
5.25
7.6499999999999995
7
5.8
1
7.25
2
8.3
7.6
5.8
7
3.25
13
7.6
7.25
7.3
7.8
5.8
8.25
10.6
5.8
9
5.25
7.6
19.850000000000005
1
6.25
7
5
5.25
4
7.25
12.05
11.6
8.05
8.6
6
5.25
9
6.05
8
17.3
17.200000000000003
11.600000000000001
9.05
10
11.8
11
9
11.8
11
7
10
14.25
6.8
8.8
19.4
11
12.05
8.8
11.6
8
8
7
6.05
6.8
7.6
4
10.8
8
5.8
7.6
7.25
6.8
7
17.8
5.8
13.8
-1
3
6
5.8
8
7
4
5
4.8
5
2
2.8
2
4.6
3
5
5.8
11
5
5.25
3.25
4
5.8
6.8
6
5.8
6.8
2
2.8
4
2
4.8
5.8
4.8
1
8
4
2
2
2
2
4
3
2
2
1
3.8
3
3
0
4
3
5
1.25
4.6
2
0
5.6
2
1
4.25
1
1
3
3
3
1
1
2
1
1
2
0
2.8
4.6
3
0
3.8
3
1
4.8
3.25
1
1
0
2.8
3
3
1
1
1
2
1
0
2
2
3
2
4.8
2
0
3
1
0
0
1.8
1
0
4.05
0
1.8
0
5
1.8
3.8
5
0
1
2.25
5.25
3
1
1
4
19.400000000000002
2.8
1.8
3.8
10.3
8
1.8
8.25
7.25
9.05
6
6.8
13.85
3.8
15.900000000000002
13.7
23.400000000000006
10.05
9.5
11.05
7.8
11.25
16
7.8
4.8
10
11.100000000000001
12.25
21.100000000000005
10.399999999999999
7.05
4.25
9.05
9.05
7.5
12.3
8.05
4.6
8
10.3
11.05
2.5
6.25
20.600000000000005
9.85
14.450000000000001
10.8
11.3
10.8
10.850000000000001
11.05
7.8
8
9.8
9.65
11.9
6.5
8.55
8.25
7.75
10.4
8.05
6.6
5.25
9.05
21.450000000000003
15.000000000000002
7.3999999999999995
6
9.25
9.05
-1
12.200000000000001
6
9.25
7.05
3
4
10.65
12.200000000000001
8.85
2
8.25
7.85
19.650000000000002
12.399999999999999
5.6
10
7.6
6
9.8
8.3
7.25
6.6
7.85
6.6
8
9
6.05
5.6
