flow
3
1
3
5
5.8
5
4
1
2
2
1
5.25
2
0
2
1
2
1
3.8
5.5
2
1
2
4
0
2
5
4.8
2
4.5
1
4.8
4
7.6
3.25
4
4.25
4
1.8
4
6.05
2
3
3
3
3
3
4.25
0
3
4
5.25
1
1
3.8
3.8
5.25
5.8
2
4
4.8
1
3
6.75
3.8
4.8
3.25
4
1
0
3.25
3.25
10.8
4
7.25
0
2.25
3
5
6
3
2
5
4
0
4
1
2
2.8
11.05
6.25
2
1.25
3.25
2
6
4.25
0
2
4
1
1.25
1.25
2
1
2
1
2
3.8
3
2
3
5.8
1
4
5
2
1
1
1
3.6
4
1
7.25
1
2
5.05
3.25
1
3.25
4
1
5
5
5.05
8
3.25
5.8
4.25
1
3
3.8
0
3.8
7.8
3
6.25
3
5
3
4
6
8
1
9.5
9.8
7
8
5.8
12
3.8
1
4
3.25
2.8
8.5
4
4
2
4
5
6.25
7
8.25
4
5
2
5
1
9.8
0
2.25
2
4
2
4
5
2
2
4
0
4
3.25
1.8
5
2
1
3
1
4
0
3
4
1
3
1
1
3
4.8
3
3
3
4
2.25
5
1
0
0
1
3.25
1.25
1
1
3
3
1
1
0
0
0
3
1
2
1
0
2
0
3
3
3.25
3
3
3
3
0
0
1.8
1
1
3
2
2.25
2
2
1
2
2
2
1
0
2
3
2
1
6
4.8
3.25
2
2
2
3
4.8
2
2
3
2
2
1
3
0
3
3
1
0
1
0
2
2
1
0
3
4.25
0
1
0
0
1
2.8
0
2
2
0
0
0
0
0
1
1
0
1
1
1
0
0
0
1
0
0
0
1.8
0
1
2.25
1
2
0
0
1
0
0
0
0
0
0
0
0
0
2
1
0
0
0
1
0
0
0
0
1
0
0
0
0
0
0
0
0
2
0
0
0
0
1
1
0
0
0
0
0
0
1
0
0
0
1
1
0
1
0
0
0
0
0
0
1
0
0
0
0
1
0
0
0
0
0
1
0
1
0
0
0
0
0
0
1
1
0
0
0
1
0
0
0
0
0
0
0
0
0
1
0
0
0
0
0
0
0
1
0
0
0
0
0
0
0
0
0
0
0
0
0
0
0
0
0
0
0
0
0
0
0
0
0
0
0
0
0
0
1
0
0
-1
0
0
0
0
0
0
0
1
0
0
0
0
0
0
0
0
0
0
0
0
0
0
0
0
0
1
0
0
0
0
0
0
0
0
0
0
0
0
0
0
1
0
1.8
0
0
0
0
1
1
0
0
0
0
0
0
0
0
0
0
0
0
0
0
0
0
0
0
0
0
0
0
0
0
0
0
0
0
1
0
0
0
0
0
0
1.8
0
0
0
0
0
0
1
0
0
0
0
0
0
0
0
0
0
0
0
0
0
0
1
0
0
1
0
0
1
0
1
0
0
1
0
0
0
1.25
0
0
1
0
0
0
0
1
0
1
0
0
2
0
2
0
0
0
0
0
2.25
3
0
1.8
2.8
2.8
0
1
2
2
1
3
1
3
5.05
1
1
4
2
1
1
3
2
1
1
3
4
0
1
5.5
1
4
6.8
4
2.8
9
4
4.25
3
5.25
4
3
6
5
1
6
2
3.25
4.25
6
6
2
2.25
3
1
3
7
1.25
2
4.5
2
1
2
3
1
3.8
3
1
1
5
2
3.8
4.8
2.8
0
1
3.25
1
3
2
3
4.25
2
3.8
3.8
4
2.25
3.8
2
1
-1
3
1
3
3
0
3.5
2
4
8.5
3
3
2.25
2
2
2
1
4.25
2
5
