flow
6
5.8
7
8
12
10.8
11.2
5
9
7
5
9
5.25
12.3
6
6.05
7
3
4.8
6
4.8
5
6
7
2
7
10
8.5
6.25
5.25
8
6.25
5
4
8.25
4
7.25
7.8
6
5
5.25
10.25
7.25
5
9.5
8
7
6
8.25
9.25
6
7.25
9.25
9.25
5.25
8.25
8
10.05
8.25
9.3
10
6.8
5.25
7
8
8.25
5.8
9
7
6.8
9
6
6.05
9
4.25
4
9
9.8
7.25
8.5
8
6.5
7
10
4
6.25
10
6.25
6.5
6.5
6
4.25
2
5.5
5.8
6
6.8
6
6.25
7.8
8
9.75
6
7
8.05
9
4.25
9.25
5.25
8
10
9
9
10.5
9.25
8
8.5
8.5
8
9
9
5.25
7.8
8.25
7
6.8
9.25
10.05
10.75
5.5
7
9
8
9.25
9.5
12.25
8.05
12.05
10.25
10.25
8.25
8.05
10
11
-1
15.8
14
13
15.25
15.05
15
15.25
13.8
14
13.8
12
9.25
12
14.8
14
13.8
15
15.8
12
12
13
14
15
13
11
14
11.8
15.8
15
13
10.8
12.25
9
8
9
10
10.8
9.8
9
9
10
9.6
11
7.8
6
0
6
5
6
5.8
7
8.25
4
8.8
5
8
7.25
5.25
9
8.25
9.25
2
9
5
5
5
5
6
4.8
7
8
3
6
4
6.25
8
6.8
6
8
5
5
5
6
7.25
5.25
7.8
5.25
5.8
5
6
7
4
5.8
2
4
7
7.25
6
4
4
7
1
3
4
4
3
5
1.8
3
3
2
1
5
1
3
3.8
2.8
3
2
4
2
3
5
2
5
1
5
0
3
4
4
3
6
4
4
5.6
4
4.8
6
2
4.8
6
5
5
3
5
1
4
0
1
3
3
1
1
0
1
2
1
2
2
1
2
2
1
3
0
3
2
0
2.25
0
0
0
1.25
2
4
2
0
0
1.8
0
1.8
1
1
0
1
1
0
0
0
1
0
2
0
0
0
0
0
1
1
2
0
0
0
0
0
0
0
0
1
0
1
0
0
0
1.8
0
1.8
0
1
0
0
0
2
0
0
1
0
0
0
0
2
1
2
0
1
1
0
0
0
0
1
2
0
0
0
1
1
0
0
0
0
1
1
1
0
0
0
0
1
1
0
0
0
0
0
0
0
0
0
0
0
0
1
0
0
0
1
1
0
0
0
0
0
0
0
0
0
0
0
0
0
0
0
0
0
0
0
0
0
0
0
1
0
0
0
0
1
1
0
0
1
0
0
1
1
0
0
0
0
0
0
0
0
0
0
0
0
2.8
0
0
0
0
0
0
0
0
0
0
1
1
0
0
0
0
0
1.8
0
0
0
0
1
0
0
0
0
0
0
1
0
0
0
0
0
0
0
0
2.8
0
0
0
0
0
0
0
0
0
1.8
0
0
0
0
0
1
0
1
0
0
1
0
0
0
0
0
0
1
1
1
1.8
2
1
0
0
0
0
1
0
0
0
0
1
0
0
0
0
0
0
0
0
0
0
0
1
0
0
0
1
0
0
1
1
0
1
0
1.25
1.8
0
1.8
0
1
3
0
0
0
1
0
0
2
0
1
1
2.8
2.8
2
1.8
0
0
0
1
4
1
3
3
2.25
3
4.25
6.8
2.8
1
1
2.8
4.25
6
2
6
5.25
5.75
5
6.5
3
-1
7
14.5
9
12.25
11
12
12.8
11.5
13
13.5
11
15.25
15.25
15.8
11
14.5
9.25
7
10.8
13.05
11
12.25
11.25
14
10.8
14
15.5
9
10.25
10.8
9.05
12
12
15.5
10
11
12
13
10.75
15.75
13.25
8.25
12.25
12.5
12
11.25
12
10.75
10.05
14.8
13
12
14.3
10.25
15.05
10.25
12.8
12.25
4
0
10
11.25
8
10.8
11
8.25
7.3
8.8
10.5
8.8
10.25
11.25
9.05
8
3.25
10.05
8.25
9
9.85
8.6
8
7.25
7
3
9.25
6.25
6.25
10.8
