flow
8
6.5
1
4
2.25
2
3.8
0
2.8
4.8
5.25
3
7.8
5.05
2
12.75
5.6
0
7
3.8
4
4
1
5.8
4
3
4.25
3
5
2
2
3
4.8
5
1
3.8
0
3
1
3
2
4.8
2.8
5
7
5.8
3
4.8
15.05
5.6
5
7.25
5.25
2.8
3
3
4.8
4.25
5.25
4.6
3
3.8
5
3.25
3
5.05
7.6
6.25
5
1
1
1
5.8
4
4.25
5
5.8
11.8
6
6.8
4
7.05
6
10.65
10
5
7.25
7.8
4.25
13
3
6.25
4
4
12.05
13
3
2
4
3.8
8.6
7
5
13.4
4
6
8
13.05
9
10
5
12
9.25
8
4.8
7
6
8.25
4.8
4
6
9.8
6
3.8
8.8
3.8
7.8
6.8
8
9.05
4
6.8
5
5
2.8
3
1.8
4
7.05
2.8
5
1
5.8
2
2
6
1
3
3.25
6.6
7.8
3
1
5
4
4
1
3
5.8
6
6.6
4
2.8
4
3
6
4
4
6
6.8
1
4
5.8
4.8
4
7
5
2.8
9.8
6
4
8.6
3
4
8.399999999999999
5
6
2
4
3.25
7.8
3
3
8.8
5
3.25
3
3
6
5
2.8
1
3.8
5
4
2
1
8
5
5
1
3
2
3
8.8
3
3
4
6
5
0
1
5
4
3
5.6
7.05
4
0
4
4.25
4
3
4
3
3
3
3
1
3
4
1
3
1
1
2
1
2
2.8
1
0
1
1
4
0
5.05
1
5
3.25
0
5
4
4
5
11.05
8.8
5
5
8
3
6
4
3
5
18.6
5
5.25
4
4
9.25
5
5
5
9
5.8
8.8
2
6.25
9
5
12
6.8
4
14.8
5.8
6
4.8
3
4.6
3.8
4
7.8
5
8.8
4
7
3
10.65
3.25
11.4
6.8
7
13.600000000000001
5.6
5.85
17.8
7
5.8
9
5.8
3
3.8
4.8
14.650000000000002
3
14
4
3
4
5
5.8
6.75
8.8
2
7.8
7
3.8
7.05
6
5.05
9
7.8
2
6.25
2.8
5.8
