flow
10.8
10.8
11.8
14
12.25
16
14.8
15.25
13
19.8
12.05
11
15
14.25
15.8
14.25
13.75
15
9.8
11
13.25
13
15.8
16.05
11
17.25
16.6
12.25
16.25
14.5
12.25
15.25
13.5
15.25
15.5
12
13.25
15.05
15
13.8
10.8
15.05
13.8
11.25
15.05
13.8
14.25
13.25
15.05
16
15
13
15.8
13
17.35
15
12
12
16.8
14.3
14.25
14.3
13
14.05
14
15
13
12.25
12.25
15.25
12.25
15
12.8
16
16
15.25
17.8
18.6
13
19.25
18.8
14
18.25
18.25
18
17.25
13.8
19
16
17
34
16
27.8
14
14.6
16
15
28
15.25
23.25
27.8
16.6
24
36
12
14
11
18.05
18
18.8
17
15
18.8
16
18
20.25
14
16
17
16.8
12.8
10
12
12
9
13
13
9
13
9
9
5.25
10.25
10
11
14
10
9
10
7
9
5
9.8
11
10
8
7
13
11.8
6
7
10
8.8
13
12
9.8
11.25
7
11
9.25
11.25
9
11
8
12.8
11
9
9
9
13.25
11.05
10
10
9
10
11
11
6
10
10
9
8
6
12
9.25
11
13
10
12.6
7.8
12.25
10.8
14.6
5
9
7
8
9
11
7
12
7
7
3
6
4
6.8
6
7
7.8
4
7
6
4
10
8
6
6
5
9
4
4
6
4
5
2
6
3
4
4
5
5
6
7
4
1
4
5
1
5
3
4
1
1
2
4
3
2
4
3
2
2
3
3
3
3
1
2
1
3
3.8
4
4
2
2
1
3
3.8
1
0
1
3
3
1
3
1
2
2
2
3
1
1
1
1
4
2
2
0
1
1
1
3.8
1
4.25
0
6
6.05
1
5
2
3
4
4.6
5
1
3
8
9.8
8
8
9
11
11
14
15.8
11.8
12
14
16.25
14.25
15.75
13
15.8
15.25
18.8
15.649999999999999
17.8
26.25
21
14
20.05
26.75
23
24.05
23.25
26.8
21
26.3
24.25
22
23.25
23
24
24
23
22.25
40.25
16
34.35
21
17
20.5
21.05
39.25
17.25
29.25
18.25
23.05
24.05
21.25
21.5
19.05
18.25
16
22.8
21
20
22.75
25.25
21
41.55
15.05
9
18.5
23.05
25.3
18.05
17.05
16.6
22.6
18
16
19.05
19.25
11.8
14.25
12.25
11.8
11.25
13
16.200000000000003
11
14.6
14.3
16.85
14.5
14
14.8
15.75
14.3
11.8
14.25
12
14.8
15.3
15.8
11.8
13.25
13
14.25
12.25
