flow
16.8
15.75
14.25
10
13.75
14.25
9
10
11
14
16.75
14
13.25
13
13
14.25
13.25
12.5
11
15.25
7
13.25
11
12.8
7
13.8
12.8
12.25
12
10.25
15.5
14.8
10.25
12.25
15.3
10
8
10
12
16.5
13.25
13.3
16.1
14
12.5
9
13.8
14
14.25
13.25
11.8
14
10.25
10
10
11
15.5
11.25
6
10.25
14.25
11
13
10
14.05
14.25
12
14
12
12.8
10
14.25
12
12.5
12.25
10
11.8
11.8
14
11
12
14.8
17.8
14.25
17
15.5
23
15.850000000000001
16.8
14
18.05
23
17
17.8
24
21
20.25
14.8
25.6
15
12
9
25
27.8
18
23
30
14
20.25
27.8
13.6
15
17.05
20.6
15
17
14
19
19
16
16.8
18.05
18
15
17
17
8
14
8.25
10
10
12
11
11
7
12
11
7.8
13
6.8
9
9
9
12
9
9
14
9
12
8
10.8
10.8
10
8.8
11.8
10
7
7.25
10
10
8
10.8
10
9
8.25
11
13
11
7.8
10.25
12
7
9
9
8
10
7
10
10
10
12.6
9
8
10
8
9
6
12
12.399999999999999
7
9
11
11
9
9
9
6
7
8.8
11.25
9
5
7
6
7
12.8
6
7
5
6
5
4
8
7
8
6
10
5
6
4
3
7
2
5.8
4
2
5
3
4
3
5
2
2
5
3
5
1
3
2
3
4
2
0
4
2
4
4
3
3
0
1
1
2
3
5
2.25
2
2
4
3
4.25
6
5.8
3.8
4.8
7
7
4
7
5
3
10.25
9
5
5.25
8
3
7
8.8
10
11
17.25
11
13
11.5
17.8
18
15
23.25
17.25
21
17.1
20.25
20.8
16.25
20.75
18
15.600000000000001
20.25
20
20
21.85
26
13.5
26
19
17.5
17
31.5
22.5
12
30.400000000000002
12.25
26.25
20
18
12.25
18.25
19.5
13.5
16.6
15.25
14.05
18.05
17.25
15.5
20.25
11
6
16.85
17.25
15.25
19.05
13.75
11.850000000000001
13.25
12
18.1
15.25
18
12
13.8
14
12.55
14.5
12.25
13.5
13.8
10.8
13
11.25
14.75
13.25
17.25
13.8
14.8
11
14.8
13.25
14.75
13.25
13.25
13.05
10
14.8
15
11.600000000000001
