flow
4
5.05
5
4
5.25
6
3
5
5
3.25
3
1
4.25
5
3.25
4
5.25
2
3
4
5
3
2
3.8
3
5
3
3
3
5.8
4.25
1
2
5
2
5.8
2.25
3
4
4.25
6
3
5
3
3.25
1
3
3
5
6
6
5
4
6
2
7
5
4
5.25
6.05
6.25
6.8
4
3
6
5.25
4
5.8
7.25
3.25
-1
2
4
4
3
3
2.25
5.3
5.25
6.25
5.25
3.8
3.25
6
2
7.6
4
5.8
3.8
6
4
3
4.25
4
5
6.05
4
6
3.25
6
5
5
3
4
3
3
2
5
5.25
4
2
1
4
3
4.05
3
4
4.25
3
2
3
2
7.6
3
4
4
2
3
3.25
2
4.25
5
6
3
3
4
4
1
2.25
2
3
5.6
6.8
5
5
4
5
7
8
6
1
7
7.8
8
6.25
5
4
4
9
9.8
8
8
9
9
6.25
9.8
8
6.8
7
11
11.8
10.8
8
12
6.8
7
9
7
9
10.8
5
6.25
6
6.8
7
8
7
6.8
5
6.8
6
7
8
8.25
10.6
3
6.8
2
5
6
5
5
1
3.8
7
3
7.8
5
5
2
4
2.25
3
4
3
1
3
8.6
4
5
6
5
2
4
4
4
5
5
3
1
2
5
3
8.8
4
2
5.8
4
3
4
4
4
2
4
5
7.25
6.8
1
1
3
4
4
3.8
2
0
2
4
5
3.25
5
3
5.05
3
5
3
4
6
6
3
4
1
3
2
4
3
4
3
1
3
1
2
3
2
2
2
3
3
4
4.8
2
2
2
1
2
2
1
1
1
0
1
2
3
1
2
0
2
3
1
1
0
2
3
3
3
5.25
2
1.8
3
2
4.25
3
3.25
3
6
6
5.8
5
9
11
12.25
6
12
13
12
8
6
9
9
9.25
7
6
11
9
11.25
6.25
9
6
9
6
10
10
11.8
11
11
11
8.25
7
8.25
10
11
8
12
10.25
10
8.5
10
7
8
8
9.8
10
8.25
10.25
8
10
7
10.25
11.8
9.25
10.8
7.05
11.05
3.8
6.25
6.25
7.75
7
6
7
7
9.25
5
6
7.25
6.5
7.8
9
8.05
4
6.8
5.25
5.8
5
6
7.25
5
6.25
3
5.8
7
7.05
