flow
6
7.8
8.25
6
3
2
6.25
3
5.5
3
5
7.05
10
5
6.8
3
4
6.25
5.25
5.75
5
3
6
8
7.05
2
4
10
2
6.25
6.8
4.8
3.25
4.8
5
4
3.25
5.25
7
4
2
6.25
5.8
3.8
6.25
7.25
4.8
3
4.8
9
2
6.25
4
1
5
4
16
3.5
3
4.8
5
6.25
5.25
3.8
4
1.8
2.25
1
2
7.05
1
2
4
3
4
5.25
3
7.25
5
5.25
6.25
5
2
6.05
7.6
4
14.200000000000001
8.6
5
7.8
6
6
7
11.45
6
7.8
9
5.25
9
4.8
4.8
4.25
9.25
6.05
6
11.8
11.6
7.8
3
11.8
8.25
2
4
8
7.25
7
3
8
4
5
6.25
5
4.8
7.8
5
3
6.8
6
5
5.8
7.6
4
2
3
5
4
4
6
10
3
13
2
3
3
1
5.25
5
1
3
3
1
4.6
1
4
2
5
5
5
4
4
6
3
3
3
8
6
2
4
3
6.25
6
8
2
3
4.25
3
4.25
0
2
6.05
3
15
4
2.8
5.8
3.25
3
4
1
4
3
1
1
6
0
1
5
5
3
2
0
0
1
1
0
2.8
2
2
0
1
0
6
1
4
2.8
1
2
5.8
3
3
2.25
3.8
5.25
2
4
4.8
14
4.05
3
5
5
2
6.8
7
3
4.25
6.8
2
4
13.05
4.25
5.8
8.25
3.8
6
8.25
3
3.25
4.6
3
3
1
3.8
0
3.25
1.8
5.25
7.6
3
2
3
8.8
4
5
3
3
6.6
2
6.25
5.8
4
4.8
5.8
5
3
4.6
5
7
3
4.6
4.8
3
3.8
7
8.8
6.6
5
4
8.6
5.05
3.8
2
6
5
2
6
8.3
7.6
