14
15
13
8
10
23
8
5
9
12
9
10
16
15
10
12
8
7
10
10
5
11
5
12
7
7
5
5
7
4
9
2
3
6
5
5
4
5
2
6
3
3
6
9
5
3
11
12
6
3
2
11
7
4
5
5
11
5
13
5
4
8
16
10
5
11
13
15
13
13
25
29
18
37
28
40
32
42
62
57
50
78
50
62
78
72
76
90
97
134
106
121
139
143
120
126
106
115
116
128
115
82
99
91
91
103
78
87
99
85
86
91
104
90
113
100
88
102
105
95
116
102
93
89
91
95
72
107
116
84
113
84
90
99
77
73
87
107
95
73
117
91
76
99
99
89
91
89
82
76
86
63
54
71
74
77
69
70
62
73
85
58
79
90
75
72
91
96
85
96
90
77
78
95
95
91
90
94
75
96
92
92
91
94
74
68
93
88
90
93
90
84
83
93
86
85
99
76
96
98
93
79
97
104
78
77
73
90
106
100
89
98
98
98
95
99
95
109
97
98
84
87
78
90
73
74
66
81
80
69
67
74
69
64
66
73
55
71
65
59
53
57
60
55
52
62
57
50
61
65
52
60
50
60
57
66
56
61
67
56
49
53
48
35
45
25
36
39
47
35
36
32
26
38
20
17
23
22
17
23
26
22
13
13
20
12
20
14
