doc:
https://blog.csdn.net/daaikuaichuan/article/details/81382794

install eigen:
brew install eigen

then compile:
g++ -std=c++11 -I /usr/local/include/eigen3  -o pso pso.cpp

run:
./pso

output:
1.44946
1.44946
1.44946
1.44946
1.44946
1.44946
1.44946
1.44946
1.43905
1.43905
1.43905
1.43905
1.43905
1.43905
1.43905
1.24505
1.24505
1.24505
1.24505
1.24505
1.24505
1.24505
1.24505
1.24505
1.24505
1.24505
1.24505
1.24505
1.24505
1.24505
1.24505
1.24505
1.24505
1.24505
1.24505
1.24505
1.24505
1.08278
1.08278
1.08278
1.00112
1.00112
1.00344
1.00344
1.00344
1.00112
1.00112
1.00112
1.00112
1.00112
1.00112
1.00112
1.00112
1.00112
1.00063
1.00063
1.00063
1.00063
1.00063
1.00063
1.00063
1.00063
1.00063
1.00063
1.00063
1.00063
1.00063
1.00005
1
1
1
1
1
1
1
1
1
1
1
1
1
1
1
1
1
1
1
1
1
1
1
1
1
1
1
1
1
1
1
