flow
1
1
21.25
17
16.85
32.6
1
0
27.700000000000006
22.05
1
1
7
15.5
6.5
5.25
4.25
14.05
0
21.5
13
0
31.25
3
27.05
14.5
0
16.5
1
0
19
13
16
2
1
16.85
1
2.8
3
12
0
11.25
17.8
22
14.85
26.8
1
18.5
1
1.8
9
8.8
2
0
2
30.550000000000004
19.15
18.9
0
3
12.25
4
2
5.05
22.05
29.05
16.5
24.8
1
8
9
7
21.05
2
0
0
0
6.8
5
16.25
3
18.05
15
19
11
0
0
1
4
1
0
24.5
1
7.8
29.35
4
8.8
6
1.25
0
0
1
2
14
5
17.8
2
1
1.25
13.25
1
8.8
10
0
24.400000000000002
29.5
1
19.55
4
2
0
1
8.25
19.6
2
21.8
20.1
1
0
0
2.8
18.8
1.8
20.85
14.05
15.8
26
14
20.05
29.5
0
0
14
8
11.6
0
4.8
19.05
0
0
5
5
16.8
17
14.8
0
21.650000000000002
13
0
31.25
8
1
19.5
0
3
3
0
1
0
3
14.25
2.8
0
17.75
3.8
5
26
9.25
1.25
0
2
0
27.55
21
19.55
19.25
18.25
17.25
1
27.8
27.05
1
6
7.8
1
13.25
11
16.05
23.3
17.6
17.5
25.25
0
26.55
22.25
15
25.3
26
26.85
21.05
1
0
2
18.25
17.25
4
1
12
20
15.5
1
2
8.8
10
0
0
2
1
12.650000000000002
0
11
0
22.8
0
2.25
0
0
3
17.5
24.850000000000005
1
1
6.25
7
