flow
12
1
2
3
5
8.05
0
2
8.05
3
7.8
1
5.6
1
0
0
3
1
10
2
7.05
8
4.6
9.6
8
6.6
11.8
6
1
0
3
6.8
1
1
0
10.6
14
12.600000000000001
6
8.8
5
3
0
0
4
3
6.8
0
0
1
1
6.8
2
3.8
4
1
0
0
13
13.8
1
1
11.85
8
4
3.25
2
8.8
1
6
3
7
2
5
0
3
0
1
12
-1
0
2
0
10.05
6
10.6
1
7.25
10.8
0
3
2
1
6
5.8
7.6
8
7.8
0
11.8
2
1
0
9.850000000000001
-1
4
0
1
2
0
6
15
4
0
1
0
0
1
0
4
8.05
7.25
0
0
0
7
0
0
8
7.8
9.8
7.8
5
0
14
10
6.25
5
7
5
12.4
3.25
7.8
7
7.8
0
2.25
0
11.600000000000001
2
7.8
4
0
3
3.8
0
3
1
0
9.25
1.8
0
7
12
5
5
0
1
1
3
1
8.6
1
1
0
1
1
11
11.8
1
0
0
0
5.8
7
0
13.8
0
12
0
4
9.8
7.8
6
6.8
3
7
9
10.25
7
2
12
0
4
1
1.8
5.8
3.8
3
8
5.25
10
2
0
0
14.25
5.8
4
3
5
11
0
3
0
0
6.5
2
6
9.8
9
1
1
0
5
7.6
1
6.8
0
7
