flow
23
1
2
8
7
14.8
2
2
11.8
11
12.5
2
13.25
0
0
3
2
1
16.8
10
12.25
14
13.25
13
4
11.850000000000001
17.25
14.05
2
0
8.25
6
1
1
2.8
18.25
19
12.25
9.8
16.55
6
10.25
1
1
13.8
12.25
8
1
2.25
1
0
10.25
1
12
12
3
1
0
15
20
0
0
15
14.25
10
11
12.5
9
0
9.8
10
10.25
15.5
6.25
0
6.25
1
0
11.25
14.25
2
2
1
14.25
11.25
9.8
0
11
15
1
13
3
1
16.75
10
10.25
10.25
10
0
16.05
0
0
1
13.8
14
6
1
1.25
1
2
10.75
16.8
7.05
1
1
1
2
0
2
10
7.5
9.8
0
0
1
8
0
1
9
12
11.25
16
10
1
38.5
25
7
10
7
10
10.25
11.8
11
14.75
15
10
10
1
13.25
3
14
17.85
1
5
14
0
3
2
3.8
19
1
2
13
24.05
9
7
2
0
1
6
6
13.25
2
2
1
1.8
2
18
16.6
3
1
1
1
9
6.25
1
17.25
1
15
2
3
18.3
8.8
14
16.3
5
9.8
8.25
12.25
13.25
1
18
1
2.25
0
1
14
14
5
24
14.8
11
3
1
2
20
11.05
9
11
6
14.25
1
6
0
1
12
9.25
11
12
12
1
1
1
12
8
1
10
1
