flow
2
2
8.8
12
3
0
4
19
17.6
13.05
10
20.5
2
6
3
2
26.400000000000002
5
29
1
3
12.8
12
14.05
3
18
23
1
10
2
21.85
9
16.25
6
19.85
16.85
23
10
2
20.5
0
10.8
2
23.25
1
3
12.05
19.65
25
1
0
16
1
0
18.8
13.05
9
1
11.8
11.8
1
1
17.8
0
7.8
13.650000000000002
13.6
3
21.6
19.6
12
13
0
14.8
12.25
6
10
21.6
23.65
0
19
0
18
17.8
2
13
13.25
28.25
8.8
4
5
28.25
2
6
20.8
0
3
13
16.8
22.25
3
23
2
3
7
20.6
20.5
2
18.5
24.05
2
0
26.05
8
22.05
20
0
0
2
22.6
22.05
26.8
13.25
3
1
3
9.5
12.6
2
13.05
19.8
21.6
0
9
9
12.05
12
10
26.700000000000003
2
6
18.85
0
16.8
7
6
1
25.8
22.85
17.1
5
18
1
3
0
1
15.850000000000001
26
0
0
19.85
24.05
13
8
3
1
0
16.25
4
7
27
3
5
21.25
20.55
14.85
5
0
3
13.6
0
17.5
1
22.6
20.900000000000002
0
1
11.6
8.6
11
19.8
23.45
0
2
13
9
2
19.8
26.4
15.399999999999999
5
1
22.8
11.25
7
0
11.8
24.400000000000002
0
17
8
16
2
16.8
2.25
4
13.6
26.6
1
21
17.8
20.85
0
4
18
2
11.8
2
11.8
15.25
26.65
20.05
28.25
6
12
17.05
21
0
1
9.8
17
23.4
13
5.25
8
11.05
21.8
1
10.8
19
0
12.05
19
24
2
12
18.4
17.4
4
1
5
14
24
14
16
3
6
0
8
13.8
18
2
5
29.25
0
18
12
20.6
12.6
15
23
1.8
1
15.600000000000001
19
2
1
2
12.8
10
17.4
16.3
4
5.8
3
9.25
24
1
1
15.6
15.4
2
6
14
25.25
0
1
16
12
16.25
22.8
