flow
8
1
0
3
4
0
1
0
1
0
0
0
0
1
0
0
0
0
2.8
3
0
0
0
0
2
0
0
0
0
0
0
0
0
0
0
10.399999999999999
0
0
0
0
2
0
0
0
2
0
0
0
0
1
2
0
0
0
0
0
0
0
0
8.6
0
0
0
17.200000000000003
2
6.8
0
0
2
5
1.8
0
0
0
0
0
1
0
0
5
0
0
0
0
3
0
0
0
0
0
1.8
1
1
6.8
5
0
0
2
0
0
0
0
0
4
4
2
0
0
0
2
0
0
0
0
0
0
2
0
0
1
0
0
1
0
0
0
0
0
2
0
0
0
0
0
0
8.6
0
0
3
1
0
0
0
0
0
0
0
0
0
0
7
0
0
3.8
3
0
1
0
0
5
0
0
3
0
3
2
2
0
0
2
0
0
0
0
0
1
1
6.25
0
0
0
1
0
3
4
0
0
0
0
0
1
0
0
3
0
0
3
0
0
0
0
7.8
0
0
0
0
9
7.8
3
1
0
7.3999999999999995
0
0
0
0
0
3.8
3
2
0
0
4
0
0
2.8
3
3
0
5
0
0
0
4
0
1
0
0
0
