flow
14.399999999999999
0
0
11.6
6
10.75
0
0
4.8
2
1
0
12.25
2
0
0
2.8
0
10
2
7.6
7
3
7.75
3
4
9
11
0
4.6
6
7.05
1
0
0
11.6
9
7
4
10
5.8
3.8
0
1
6.8
4
8
1
0
2
2.25
9
0
5.25
10
0
0
0
8.8
18.25
0
0
10.25
10.8
6.6
4
8.8
7
1.25
0
3
10.8
4.25
5.8
2
4
0
0
20.5
6
0
1
1.25
10.05
11.6
8
1
2
6
0
6.8
1.8
1
10
6.8
7.6
5
5
3
6.8
1
0
0
8
-1
5
0
0
0
1
4
9.6
6.05
0
2.25
0
2
11.4
1
6
4.8
3.25
2
2
0
22.800000000000004
0
1.8
5.8
8
6.25
5
7
1
1
9.6
13
6
8
6
7.6
9.05
16.25
9.85
9.8
4.8
3
0
7
10
6
6.25
0
5
3
1
3
0
1
8.25
0
1
11.4
9.8
14.8
3.8
0
1
0
1
1
8.05
1
0
0
0
0
8
9.8
0
0
0
2.8
7.6
3
0
12.05
0
8.8
1
0
5
12.05
10.4
3.8
1
6.05
2.8
7.25
8
1
10.4
0
2
0
0
5
7.85
4.25
32.00000000000001
9
8
0
1
0
9
5.8
6
7.8
6
9.6
0
7.25
2
0
2
2
6
12.600000000000001
11.2
1
1
1
8.399999999999999
3
2
2
0
1
