flow
0
0
5
4
0
0
1
0
0
0
0
0
0
0
0
3
0
8.8
9
0
0
0
0
5
0
0
0
0
0
0
0
0
0
0
9.8
0
0
0
0
4
0
0
0
4
0
0
0
0
1
1
0
0
0
5
0
0
0
0
16.8
0
1
0
12.25
5
4
0
0
1
1
7
1.8
0
0
0
0
0
0
0
-1
0
0
0
0
3
0
0
0
0
0
0
1
1
9.05
7
0
0
7.25
0
0
0
0
0
9.8
-1
4
0
0
0
1
0
0
0
0
0
0
2
1
0
3
0
0
0
0
0
7
0
0
4
0
0
0
0
0
0
7.8
0
0
7.25
4
0
0
0
0
0
0
0
0
0
0
9.05
0
1.8
2
9.25
0
2
0
0
12.25
0
0
13
0
3
5
1
1.8
0
5
2
0
2
0
0
0
0
10
0
1
0
0
0
9.8
8
0
0
0
0
0
0
0
0
8
0
2
3.8
0
0
0
0
12.8
0
0
0
0
9
8.25
2
8.25
0
11.8
0
0
0
0
0
7
6
6.25
0
0
3
0
0
5
0
5
0
11.8
0
0
0
6
0
3
0
0
1
0
