flow
0
0
1
0
0
0
1
2.8
1
0
0
0
0
0
0
1
1
0
0
0
1
0
0
1
1
0
0
0
0
0
0
0
0
0
0
0
0
0
0
0
0
1
0
0
0
0
0
0
0
0
0
0
0
0
0
0
1
1.8
0
0
0
0
0
0
0
0
1
0
0
0
0
0
0
0
0
1
0
1
0
0
0
0
0
0
0
2
0
1
0
0
1
1
0
0
0
0
0
0
0
0
0
1.8
1
0
0
1
0
0
0
0
0
0
0
0
0
0
0
0
0
0
0
1
2
0
1
0
0
1
0
0
0
1
0
0
0
0
1
2
0
0
0
1
1
0
0
0
0
0
0
0
1
3
1
3
1.8
1
2.8
2
1
2
0
0
4.8
2.25
3.25
5.05
5.05
3
3.8
8
6.8
4
6
5.25
-1
7.25
5
7.05
8
6.25
9
13.5
13.5
10
11
9
9.8
6
6.8
6
12.5
6
8
11.25
8.8
14
13.75
8.8
7
12.5
10
11.5
9.8
12.25
10
11.25
11
11
8
8
11.8
13.05
10.8
13
10.3
9.8
11.8
11.8
11
9.85
11.5
11.05
8.5
9.5
12.25
8.8
10.25
9.8
8.25
9.25
15.600000000000001
9.6
11.8
13.25
11
11.3
7.25
8
8.25
5
8.8
8
9.25
8.05
6.25
9.5
6
7
8.05
9.25
7.8
7.25
8
10.55
-1
3
-1
8.05
7.5
7.8
9.3
8
6.3
7
9.05
0
-1
-1
-1
8.6
7
6.8
8.5
8.85
9
8.25
9.25
8.25
7
8.25
11.6
-1
-1
-1
-1
-1
-1
10.25
9.25
9
9.25
9.8
7.8
-1
4
-1
9
9
11
7.8
9.25
9.25
9.25
6
-1
0
-1
-1
-1
-1
-1
-1
-1
-1
-1
-1
8.8
11
8
6
10.05
6.25
-1
8
1
0
3
10.8
5.8
6.6
8.8
4
6
2.25
3.8
7
6.25
6.8
3
9.6
9
8.25
7
-1
9
5
-1
10.05
3.25
9.25
-1
8
-1
-1
-1
-1
-1
-1
-1
-1
-1
-1
-1
-1
-1
-1
-1
-1
-1
-1
-1
-1
-1
-1
-1
-1
-1
-1
-1
-1
-1
-1
-1
-1
-1
-1
-1
-1
-1
-1
-1
-1
-1
-1
-1
-1
-1
-1
-1
-1
-1
-1
-1
-1
-1
-1
-1
-1
-1
-1
-1
-1
-1
-1
-1
-1
-1
-1
-1
-1
-1
-1
-1
-1
-1
-1
-1
-1
-1
-1
-1
-1
-1
-1
-1
-1
-1
-1
-1
-1
-1
-1
-1
-1
-1
-1
-1
-1
-1
-1
-1
-1
-1
-1
-1
-1
-1
-1
-1
-1
-1
-1
-1
-1
-1
-1
-1
-1
-1
-1
-1
-1
-1
-1
15
13.25
10
8
10
6
15.600000000000001
8.8
10
9
10.8
9
8
7
7
7
5
3
7
9
3
7
5.25
7
6
4
3
8
2
2
6
7.8
6
9.8
6
5
7
5
7
7.6
7.8
6
8
5
7
6
6
3
3
3
1
3
4
4
2
4.8
3
5
5
4
5
4
5
6
6
7.25
2
2
5.8
8
3
8
5.25
5
4
7
5
3
4
6
0
6
5.8
3
3
5
1
4
5
1
2
7
4
2
3
3
3
3
2
3
5
0
2
2
4
3
5
2
3
4
3
0
5.8
1
2
0
1
0
4
1
0
3
3
1
1
0
3
3
3
3
2
1
0
3
0
2
0
3
0
1
1
0
2
3
1
1
1
2
2.8
3
1
0
2
2
0
0
1
0
2
0
0
0
1
1
1
1
1
0
3
1
0
0
0
2
0
3
3
1
1
0
0
1
2
1
1
0
0
2
0
0
0
0
0
0
0
0
0
0
1
0
1
1
1
0
0
1
0
0
0
0
0
1
0
2
1
0
0
0
0
1
1
0
0
2
0
1
0
0
0
1
0
0
0
0
0
0
1
2.25
0
0
0
0
1
0
0
0
1
0
0
1.8
0
1
1
0
1
0
0
0
1.8
0
1
0
0
0
0
0
0
1
0
0
0
0
0
0
0
0
1
1
0
0
0
0
0
0
0
0
1
0
0
0
1
0
0
0
1
0
0
0
0
0
0
0
0
1
1
0
1.8
0
0
0
0
0
0
0
0
0
0
1.8
0
0
1
0
0
0
0
0
0
0
0
0
0
0
0
0
0
0
0
0
0
0
0
0
0
0
0
0
0
0
0
0
0
1
0
0
0
0
0
0
0
0
0
0
0
0
0
0
0
0
0
0
1
0
0
0
0
0
0
0
0
0
0
0
1
0
0
0
0
0
0
0
0
0
0
1
0
1
2
1
0
0
0
0
0
1
1
0
0
0
1
0
2
0
0
2
2
1
3
3.25
0
0
1
0
4
2
1.25
3
8.25
3
3.5
6
1
2
2.8
6
4.8
4.25
5
4
0
9.8
7
9.6
5.25
8
6
8.25
7.25
3
9
10.6
11
8
7
7.5
10
12.5
12
14
8
10
10.25
10.25
8
11.5
12
11.8
9.8
11
14
14
12.25
14.05
8
9.05
11.25
12.5
8.05
11.25
13.5
6
11.5
7.25
7.05
9
12.05
5
12.3
7
13.65
15.4
8.5
10.8
12.6
9.25
8
10.25
6.8
12.850000000000001
12.05
5.25
6.25
7
7.75
4.25
10.05
4
8
9.05
4
8
7
6.8
9.25
9
9
9
9.5
9
10
9.05
7.75
6
11.200000000000001
4.25
4
8.8
7
9
8.5
5
4.8
8.25
6
8
11.05
9.3
5
6
9
6
6
6
9
9
9.25
8
7
8.25
8.75
6
7.25
9.05
7
9.6
5.8
10.25
10
7
6
7.25
6.5
7
8
5
7.25
7
8
10.25
10.8
7
9.25
11.5
6.8
7
8
-1
-1
-1
10.5
8.8
9.8
6
2
6
3
3
6
4
5.25
8.05
4.8
6.8
3
7
6.25
6
6.8
7.25
4
9
7
4.8
8.5
6
7.8
7.8
5
