flow
1
2
0
4
0
0
0
0
0
1
0
1
0
0
0
1
0
2
0
0
0
0
2
0
0
3
0
0
0
2
0
0
0
0
0
1
0
0
1
0
2
2
2
2
1
0
0
3
1
1
1
1
2
0
0
2
2
2
0
2
2
0
4
1
1
0
2
1
0
1
0
2
0
1
0
1
3
1
3
1
3
0
1
0
2
0
1
0
1
1
0
2
0
2
0
1
1
0
0
0
1
0
0
0
3
1
2
1
1
2
0
1
0
1
1
2
0
3
0
2
1
2
1
2
1
0
1
0
2
0
0
2
1
2
1
2
1
1
2
0
2
0
3
1
-1
2
0
1
3
5
10
9
9
7
12
2
5
11
7
9
7
4
6
10
11
10
8
9
8
11
7
11
9
2
2
2
2
0
1
0
1
0
0
1
1
1
2
0
1
2
2
0
2
0
0
4
2
0
1
0
0
1
0
0
1
1
1
1
0
0
0
0
2
0
0
0
0
1
1
3
0
1
1
1
1
0
1
1
1
2
2
0
1
0
0
1
1
0
1
0
0
1
1
0
1
0
2
0
1
0
1
0
0
0
0
0
2
0
1
1
0
0
0
1
0
0
2
0
0
0
2
0
2
3
0
1
2
1
0
0
0
0
1
0
1
1
4
2
0
3
0
2
0
2
0
1
2
0
0
0
0
1
0
0
0
0
0
0
2
0
0
1
0
0
0
0
0
1
0
1
1
0
0
0
0
0
0
0
0
0
0
0
0
0
0
0
0
0
1
0
0
0
0
0
0
1
0
0
0
0
0
0
0
0
0
0
0
0
0
1
0
0
0
0
0
1
0
0
0
0
0
0
0
0
0
0
1
0
0
1
0
0
0
0
0
0
1
0
0
0
1
0
0
0
0
0
0
0
0
0
0
0
0
1
1
0
0
0
0
0
1
1
0
0
0
0
0
1
0
1
0
0
0
0
0
0
0
0
0
0
0
0
1
0
0
0
0
0
1
0
0
0
0
0
0
0
0
0
0
0
0
0
0
0
0
1
0
0
0
1
0
0
0
0
0
0
1
1
0
0
0
0
0
0
0
1
0
1
0
1
0
0
0
0
0
0
0
0
0
1
1
0
0
0
0
0
0
0
0
4
0
0
0
1
2
0
0
0
0
0
0
0
1
2
1
1
0
0
1
0
0
1
0
0
1
0
1
1
0
0
0
1
2
1
0
0
0
0
0
0
0
1
0
1
0
0
0
0
0
0
0
0
0
0
1
0
0
0
0
0
0
0
0
0
0
0
0
0
0
0
0
0
0
0
0
0
0
0
0
0
0
0
0
0
0
0
0
0
0
0
0
0
0
0
0
1
1
0
0
0
1
0
0
0
0
0
0
1
0
0
0
0
1
0
0
2
0
0
0
0
1
0
0
0
0
-1
2
2
2
0
0
1
0
2
0
1
4
5
3
3
3
1
1
0
0
1
1
2
3
2
5
6
0
0
1
0
0
0
0
2
1
2
1
3
3
1
2
2
3
2
0
0
1
1
2
1
1
6
2
2
3
1
2
1
1
2
6
0
2
6
1
3
1
2
1
4
3
1
0
0
0
3
1
3
0
1
0
0
1
0
1
1
3
1
