flow
3
3
1
2
0
1
0
0
4
2
2
0
0
0
1
1
0
1
0
0
3
1
0
1
1
0
0
0
0
0
0
0
0
0
0
0
2
0
1
2
0
1
0
0
1
2
2
0
1
0
0
1
1
0
2
0
1
1
1
0
0
1
0
2
3
3
0
0
0
4
7
9
9
7
7
5
4
4
3
2
5
3
6
9
2
0
1
3
5
1
0
1
0
3
0
2
3
9
5
5
3
3
3
7
3
5
1
2
1
4
3
8
5
7
4
7
6
7
1
0
2
1
0
1
0
1
2
6
7
10
8
8
5
3
0
0
2
0
2
3
2
1
3
3
0
4
1
3
3
7
10
8
4
6
4
3
6
8
7
7
9
10
4
5
2
1
1
3
1
2
5
1
0
4
2
1
1
1
2
1
2
1
2
3
3
0
0
0
0
0
0
2
1
0
3
0
2
0
0
0
0
0
0
2
0
0
0
0
0
0
0
0
0
1
1
1
0
0
0
0
0
0
0
1
0
0
0
0
0
0
0
3
0
0
0
0
1
1
0
1
0
0
0
0
0
0
2
0
0
0
0
0
0
0
0
0
1
1
0
0
0
0
3
0
0
0
0
0
1
0
0
0
0
0
0
1
0
0
0
0
0
1
0
0
0
0
0
0
0
1
0
0
0
0
0
0
0
1
1
0
1
1
1
0
0
1
0
0
1
1
0
0
0
0
0
0
0
0
0
0
0
0
0
0
0
1
0
0
0
0
1
0
0
0
0
0
0
0
1
0
0
0
0
1
1
0
0
0
0
0
0
0
0
1
0
0
0
0
0
1
0
0
0
0
0
1
0
1
0
0
0
0
0
0
0
0
0
0
0
0
0
0
0
0
0
0
0
0
0
1
0
0
0
1
0
0
1
1
0
0
0
0
0
0
0
1
0
1
0
0
0
0
0
0
0
0
1
1
1
0
0
1
0
0
0
0
1
0
0
0
0
0
0
1
0
1
1
1
0
0
0
2
0
0
0
0
0
0
1
0
2
0
1
1
0
0
0
1
0
0
0
0
1
1
0
0
1
1
0
0
0
0
0
0
0
0
0
0
0
0
0
0
0
1
0
0
0
0
0
0
0
0
0
0
0
0
0
0
1
0
0
0
0
0
0
0
0
0
0
0
0
0
0
0
0
0
0
0
0
0
2
0
0
0
1
0
1
0
0
0
1
0
1
0
1
0
0
0
0
0
0
1
1
1
0
0
0
0
0
0
0
0
0
0
0
0
0
0
0
0
1
0
0
0
0
0
1
0
0
0
0
0
0
0
0
0
0
1
0
0
0
0
0
0
0
0
0
0
0
0
0
0
0
0
0
1
0
0
0
0
0
0
0
0
0
0
0
0
0
0
0
0
0
0
0
0
0
1
1
0
0
0
1
1
1
1
1
1
0
0
1
1
1
3
3
2
1
5
1
5
6
5
6
7
7
8
6
11
6
7
10
4
7
5
6
4
5
7
8
6
3
3
3
1
8
2
3
7
8
8
7
6
4
5
10
2
12
6
6
2
6
6
8
8
12
9
10
11
8
9
10
10
10
15
14
15
15
7
4
5
7
10
10
10
9
8
11
13
18
8
15
14
16
14
