flow
5
9
3
6
2
0
2
1
3
3
0
3
0
0
0
0
0
1
0
2
0
3
7
2
0
1
0
2
3
0
0
0
1
5
5
2
0
3
0
2
1
0
0
0
1
0
3
1
5
0
1
1
1
1
0
0
2
6
1
3
5
6
4
2
0
2
2
3
9
10
8
6
7
5
7
7
4
7
5
4
7
11
1
5
4
1
2
1
0
1
4
4
0
2
5
4
5
8
9
5
2
6
6
2
4
5
2
11
9
4
7
4
0
2
1
1
2
2
1
2
7
0
1
7
2
4
0
1
5
3
4
7
1
2
5
5
3
7
2
5
1
4
2
0
0
3
6
14
12
12
13
8
5
4
3
7
2
0
3
2
8
0
5
3
1
1
3
0
6
0
3
4
0
6
3
1
0
0
5
1
2
0
4
0
5
0
2
1
1
3
1
3
1
7
0
1
2
0
0
2
2
0
0
1
0
0
1
0
2
1
0
0
3
1
0
0
0
0
1
0
1
1
1
1
0
0
2
1
1
0
1
0
0
1
0
0
0
2
0
1
2
4
0
0
1
0
0
0
0
0
0
0
0
0
1
0
1
0
1
0
0
2
0
1
0
1
0
0
2
0
0
0
0
0
0
1
0
0
0
0
2
0
0
1
0
0
0
0
0
0
0
0
0
0
0
0
0
0
2
0
0
0
0
0
0
1
0
0
0
0
0
0
1
0
0
0
0
0
0
1
1
0
0
0
0
0
0
0
0
0
0
0
0
0
1
0
0
0
0
0
0
0
0
0
0
0
1
0
0
0
0
0
0
0
0
0
0
0
0
0
0
1
0
0
0
0
0
0
1
0
0
1
0
1
0
0
0
0
0
0
0
0
0
0
0
0
0
0
0
0
0
0
0
0
0
0
1
0
0
0
0
1
0
1
0
0
0
0
0
0
0
1
2
0
0
0
0
1
0
0
0
0
0
0
0
0
0
0
0
0
0
0
0
0
0
0
0
0
1
1
0
0
0
0
0
0
0
0
0
0
0
0
0
0
0
0
0
0
0
0
0
0
0
0
0
0
1
0
0
0
1
0
0
0
0
0
1
0
0
0
1
0
0
0
0
0
0
0
0
0
0
0
1
0
0
0
1
0
1
0
0
0
0
0
0
0
0
0
0
0
0
0
0
0
0
0
0
0
0
0
0
0
0
0
0
0
0
0
0
0
0
0
0
0
0
0
0
0
0
0
0
0
0
0
0
0
1
0
0
0
0
0
0
0
0
0
0
0
0
0
0
1
0
0
0
0
1
0
0
1
0
1
1
0
1
1
0
0
0
0
0
0
0
0
0
0
0
0
0
0
0
0
0
0
0
0
1
2
0
0
0
0
0
0
0
0
0
0
0
0
0
0
0
0
0
0
0
0
0
0
3
0
0
0
2
1
0
0
2
1
0
0
1
0
0
1
1
0
0
7
10
11
10
11
9
5
4
11
8
10
9
8
10
10
13
14
12
16
11
13
13
9
10
11
8
8
11
10
13
5
7
0
1
1
0
5
5
2
2
6
6
10
8
8
11
6
12
10
9
3
7
3
1
4
3
0
5
2
1
0
8
6
8
10
7
6
2
8
4
4
1
3
7
3
3
4
